id=117
type=0
numSprites=7
numSlots=0
animParam=0.000000 0.000000 0.000000 0.000000 0.000000 0.000000 (0.000000,0.000000) 0.000000 0.000000 0.000000 0.000000 0.000000 1.000000 0.000000 0.000000 0.000000 0.000000 1.000000 0.000000
animParam=0.000000 0.000000 0.000000 0.000000 0.000000 0.000000 (0.000000,0.000000) 0.000000 0.000000 2.000000 0.010417 0.000000 1.000000 3.000000 0.000000 0.000000 0.000000 1.000000 0.000000
animParam=0.000000 0.000000 0.000000 0.000000 0.000000 0.000000 (0.000000,0.000000) 0.000000 0.000000 2.000000 0.010417 0.458333 1.000000 3.000000 0.000000 0.000000 0.000000 1.000000 0.000000
animParam=0.000000 0.000000 0.000000 1.000000 3.000000 0.250000 (0.000000,0.000000) 0.000000 0.000000 0.000000 0.000000 0.000000 0.500000 4.000000 0.000000 0.000000 0.000000 1.000000 0.000000
animParam=0.000000 0.000000 0.000000 0.000000 0.000000 0.000000 (0.000000,0.000000) 0.000000 0.083333 4.000000 0.041667 0.000000 0.500000 4.000000 0.000000 0.000000 0.000000 1.000000 0.000000
animParam=0.000000 0.000000 0.000000 0.000000 0.000000 0.000000 (0.000000,0.000000) -0.000000 -0.083333 4.000000 0.041667 0.520833 0.500000 4.000000 0.000000 0.000000 0.000000 1.000000 0.000000
animParam=0.000000 0.000000 0.000000 0.000000 0.000000 0.000000 (0.000000,0.000000) 0.000000 0.000000 0.000000 0.000000 0.000000 1.000000 0.000000 0.000000 0.000000 0.000000 1.000000 0.000000