id=222
type=0,randStartPhase=0
numSprites=8
numSlots=0
animParam=0.000000 0.000000 0.000000 0.000000 0.000000 0.000000 (41.000000,21.000000) 0.000000 0.000000 0.000000 0.000000 0.000000 1.000000 0.000000 0.000000 0.000000 0.000000 1.000000 0.000000
animParam=0.000000 0.000000 0.000000 0.000000 0.000000 0.000000 (0.000000,0.000000) 0.000000 0.000000 0.000000 0.000000 0.000000 1.000000 0.000000 0.000000 0.000000 0.000000 1.000000 0.000000
animParam=0.000000 0.000000 0.000000 0.000000 0.000000 0.000000 (0.000000,0.000000) 0.000000 0.000000 0.000000 0.000000 0.000000 1.000000 0.000000 0.000000 0.000000 0.000000 1.000000 0.000000
animParam=0.000000 0.000000 0.000000 0.000000 0.000000 0.000000 (0.000000,0.000000) 0.000000 0.000000 0.000000 0.000000 0.000000 1.000000 0.000000 0.000000 0.000000 0.000000 1.000000 0.000000
animParam=0.000000 0.000000 0.000000 0.000000 0.000000 0.000000 (-4.000000,-4.000000) 0.000000 0.000000 0.000000 0.000000 0.000000 1.000000 0.000000 0.000000 0.000000 0.000000 1.000000 0.000000
animParam=0.000000 0.000000 0.000000 0.000000 0.000000 0.000000 (0.000000,0.000000) 0.000000 0.000000 0.000000 0.000000 0.000000 1.000000 0.000000 0.000000 0.000000 0.000000 1.000000 0.000000
animParam=0.000000 0.000000 0.000000 0.000000 0.000000 0.000000 (0.000000,0.000000) 0.000000 0.000000 0.000000 0.000000 0.000000 1.000000 0.000000 0.000000 0.000000 0.000000 1.000000 0.000000
animParam=0.000000 0.000000 0.000000 0.000000 0.000000 0.000000 (0.000000,0.000000) 0.000000 0.000000 0.000000 0.000000 0.000000 1.000000 0.000000 0.000000 0.000000 0.000000 1.000000 0.000000